-0.8044583035 0.3209315471 -0.0254828805
0.6443238284 -0.3007966728 0.3894745543
-0.1074373017 -0.4799830754 0.5950355021
-0.4646675262 0.6672813070 -0.8061156104
-1.1960698338 -0.4059601614 -0.1823773404
0.1031928940 -0.1384219886 0.7056923750
1.2717952764 -0.9867473288 -0.3348354532
-0.0994816980 0.4071921003 0.9193875392
0.3121180101 1.5331610654 -0.5501738650
-0.3831474109 -0.8229409634 1.6000833681
-0.0692812989 0.0832094921 -0.3269246752
-0.0457971880 -0.3044600617 1.9230101304
-0.0786590035 -0.5820657226 -1.6179822361
0.8672608173 -1.0404370852 0.6504214249
2.6996458563 0.8020245140 -1.0969212578
-0.1780544462 -0.4228704776 -0.3304005475
-1.1111627783 -0.7420057507 2.5747591937
1.0732133238 -1.8661345064 -0.6471769266
1.0822408074 0.1766703156 -0.8353282328
-1.6949983155 1.1334172312 1.0485307228
-2.1283253704 -1.4371393946 0.1779371058
1.3944227463 0.2913201858 -0.0820061940
0.6442426121 0.3280799476 0.8574327487
-0.9369692805 0.1800749559 -1.4233705863
-0.3677557779 -1.5232879899 -0.6347716985
0.9874038416 -1.0160196215 2.0457237468
0.2499985188 0.6511625297 -1.2660235388
1.3741556001 -0.6099051292 0.0307579452
0.8196566773 1.4543137318 -0.5836764464
0.4153474518 0.6670257777 0.8694953021
-1.2027033266 2.8617691761 -2.6815924476
-1.1688117589 -0.5841642226 0.8182496974
1.5904372312 -0.2582882325 0.4470290390
1.9384197423 -0.3903193499 -0.5806963376
1.9489869709 -1.8625513434 -0.5683565758
0.9792240254 0.8953638892 -0.2362624488
0.4410979324 -0.9924139925 0.2955049861
0.0421596938 0.7621390209 0.6279564741
0.1071232443 -1.5552628397 -2.9058541750
0.7557628338 -1.2995622488 -0.8650224878
-1.1879942751 -0.9788145078 -1.9630012481
-0.4785311948 1.0822360753 1.1030870905
0.6899814548 0.3213787606 -0.6004652239
-0.1697094458 -1.3945683493 -0.2132482888
1.2844933801 0.5856363388 -0.5682721465
-0.0438311999 0.9525867448 -0.3273754281
-0.4576982528 0.3513260176 -0.3594392329
-0.5144982325 -0.9911146671 -1.2373171533
-0.6624895288 0.7571025829 -1.2598181225
-0.6659859425 0.3877009154 1.1482903670
